(0, 42, 1.0363677783629506, 0.11012029550314437)
(1, 42, 1.049269620382469, 0.10996819775319747)
(2, 42, 1.0265491965776155, 0.10998264899770663)
(3, 42, 1.0305019597926406, 0.10960742767672771)
(4, 42, 1.0290130617114976, 0.109512198852441)
(5, 42, 1.018243265890288, 0.10957674850610973)
(6, 42, 1.0301166293637083, 0.10942235349598872)
(7, 42, 1.0186453610528048, 0.10922382956111149)
(8, 42, 1.0140458468697136, 0.10904671450717178)
(9, 41, 1.0083474162340234, 0.10868687344823286)
(10, 41, 0.9930588605631662, 0.10849987147601765)
(11, 42, 0.987148037978581, 0.10675181506357798)
(12, 42, 0.9688340484521349, 0.1017778895941179)
(13, 42, 0.9040482834595321, 0.09192268057173189)
(14, 42, 0.795955531941218, 0.07839054804324685)
(15, 42, 0.7631305063498707, 0.07122927905870327)
(16, 42, 0.7434992102931683, 0.06907345100762793)
(17, 42, 0.72176809541461, 0.06800185914907475)
(18, 42, 0.6977045527508897, 0.06626679238749289)
(19, 43, 0.6853825877432304, 0.06015949109267185)
(20, 42, 0.648874641196128, 0.06721341336570982)
(21, 42, 0.6494557311442245, 0.054170810180277355)
(22, 43, 0.6088125179150353, 0.059737197390920475)
(23, 44, 0.6068405484094489, 0.060399071518315445)
(24, 44, 0.5773113202254674, 0.0555395921558934)
(25, 43, 0.5685156191471478, 0.04955038982910125)
(26, 43, 0.5524467478848814, 0.045224390425530225)
(27, 43, 0.5456393474276011, 0.04837218084566572)
(28, 43, 0.5193087614805002, 0.045827035697760934)
(29, 43, 0.5106247983200314, 0.04431552858057337)
(30, 45, 0.4859963721292882, 0.05348901742736812)
(31, 44, 0.5105765418389232, 0.042031328388379044)
(32, 43, 0.4854633955972222, 0.04295978088529354)
(33, 46, 0.45628791427598375, 0.042286150277165896)
(34, 47, 0.44731420652928355, 0.042175124898626896)
(35, 45, 0.4447463026110833, 0.03737411154594611)
(36, 45, 0.43307782238141995, 0.033037023310281015)
(37, 43, 0.4130940252913392, 0.033079054370944765)
(38, 44, 0.40495580413903615, 0.034539126527960665)
(39, 44, 0.40482615853414666, 0.031277585214179685)
(40, 43, 0.39000507430865894, 0.03644184297614024)
(41, 44, 0.38672180686678204, 0.024730317675506656)
(42, 44, 0.37038390625299783, 0.02716095580575482)
(43, 44, 0.360557331629326, 0.029971656205881905)
(44, 44, 0.34983473532108617, 0.02852695259196766)
(45, 45, 0.3512630344412322, 0.03096707881350215)
(46, 45, 0.3320632588086754, 0.028921176180169487)
(47, 47, 0.30854099527493295, 0.021546714998217937)
(48, 45, 0.31176718897963, 0.020753078665470052)
(49, 45, 0.3003317916947013, 0.02489675526169006)
(50, 44, 0.2858391739003602, 0.018416439062525856)
(51, 44, 0.2871046776733933, 0.018436354292508214)
(52, 44, 0.26374323220758666, 0.017635502437036567)
(53, 43, 0.27378141568342984, 0.016027898771735685)
(54, 45, 0.2633593483449004, 0.014581088326042102)
(55, 44, 0.25587975686313186, 0.016745890106264694)
(56, 44, 0.23391472687332596, 0.011048381035348111)
(57, 44, 0.23760688243955677, 0.010780624033169825)
(58, 44, 0.23141431376629673, 0.0106115964919616)
(59, 44, 0.21337045731336932, 0.007859867182594274)
(60, 44, 0.2095691282220518, 0.009660578630766673)
(61, 42, 0.2212104719353112, 0.006915122784267139)
(62, 42, 0.2147576821640922, 0.010828652613141402)
(63, 42, 0.20357279275336393, 0.010649302115121363)
(64, 42, 0.19765943953979095, 0.009798224404859083)
(65, 43, 0.20142557556225896, 0.008050085332983598)
(66, 44, 0.18308471569428483, 0.004524579878407823)
(67, 44, 0.19298648553879472, 0.0059534431966535885)
(68, 44, 0.17799223345202936, 0.005573958289090423)
(69, 44, 0.17990196301440484, 0.006477457178708164)
(70, 44, 0.1781276010679913, 0.006497542411654866)
(71, 44, 0.16871859358306382, 0.0038077412311911685)
(72, 44, 0.1821355491467397, 0.010910579902611035)
(73, 44, 0.17103952228622482, 0.003552332803445917)
(74, 44, 0.15617659862996403, 0.006302469625759989)
(75, 44, 0.1674375106568856, 0.009344215494758234)
(76, 44, 0.1524771413815638, 0.0022179713696371976)
(77, 43, 0.15310047165956756, 0.004896850151309415)
(78, 43, 0.14849673475816588, 0.002187655782128439)
(79, 43, 0.14597393532715935, 0.002395620096715403)
(80, 44, 0.16052617192303198, 0.003034308957593886)
(81, 45, 0.1362879942148149, 0.0011130748281275497)
(82, 44, 0.15431516248163618, 0.002866971433563188)
(83, 44, 0.13964415583873818, 0.0038857365991858198)
(84, 43, 0.13357313357352374, 0.0031372350870500767)
(85, 44, 0.14957577482915016, 0.0028068775361718887)
(86, 44, 0.13593995228100686, 0.0006522027644503719)
(87, 44, 0.1465407904915527, 0.0014751849730321965)
(88, 44, 0.1348457334510353, 0.0010042988066432284)
(89, 44, 0.13183411152224217, 0.0034611867493159446)
(90, 43, 0.13849786252192575, 0.0020896775172949884)
(91, 43, 0.12367246428185166, 0.0005458726055469563)
(92, 46, 0.13312113983325363, 0.0023773430454567305)
(93, 43, 0.13291542818418833, 0.0011342460914832474)
(94, 43, 0.13702334228956384, 0.001837260953661924)
(95, 45, 0.12569170767126325, 0.0012106338231284263)
(96, 43, 0.142601000820375, 0.0008327862062267557)
(97, 43, 0.1269751090143913, 0.0011470171571509237)
(98, 44, 0.12600950642075068, 0.0006780575981552476)
(99, 45, 0.1340009105195088, 0.0007375807849907436)
(100, 45, 0.11405234229937304, 0.0006094445898071076)
(101, 44, 0.12068389016147807, 0.0006931716156674518)
(102, 43, 0.12405981719406801, 0.0009537237170423084)
(103, 43, 0.12616489703565392, 0.002801729787903991)
(104, 43, 0.12198153584803749, 0.0007049981314224212)
(105, 43, 0.11770026366194541, 0.0056932273748288055)
(106, 43, 0.11360903312823524, 0.0003280866017231564)
(107, 43, 0.10439917860482473, 0.0008483976430444386)
(108, 43, 0.1283061755633375, 0.009273054705632907)
(109, 44, 0.1129710322195349, 0.00020463300176158552)
(110, 43, 0.11601723976522518, 0.0004205320301440387)
(111, 43, 0.11967718660430952, 0.0011298437582412172)
(112, 42, 0.1211102964095891, 0.0009430574110088521)
(113, 43, 0.11578462160786376, 0.00027385595211883824)
(114, 43, 0.11130721749111536, 0.00024911746482837976)
(115, 43, 0.11053752200909257, 0.00033182227886666897)
(116, 43, 0.10883844497779849, 6.625138978459422e-05)
(117, 43, 0.0982443911967276, 0.00012446466747376432)
(118, 43, 0.09615625457181382, 0.0008814341138059063)
(119, 43, 0.11501600237015287, 0.0006673379909772814)
(120, 43, 0.12169119530242331, 0.0004708525245035736)
(121, 42, 0.12111413823628404, 0.0016261176202090344)
(122, 43, 0.10924506675002521, 0.0001430103314260694)
(123, 42, 0.09995775763625608, 0.00014716430327504343)
(124, 43, 0.13445465760797984, 0.000988748315270101)
(125, 43, 0.12246803170994573, 0.0003021589469185288)
(126, 44, 0.10607362402972512, 0.00015029689912520198)
(127, 43, 0.10637330167863998, 0.0001731694110332091)
(128, 42, 0.09775599415038295, 8.802590856348741e-05)
(129, 42, 0.10241135027615467, 0.00012164877897948505)
(130, 42, 0.09943318488895284, 8.764783785143269e-05)
(131, 42, 0.11002917863317585, 0.0008762322285702589)
(132, 42, 0.11672662633432827, 0.00012227543745339003)
(133, 42, 0.11081887113396759, 0.00012012806824693337)
(134, 42, 0.10576478633273251, 0.0001746667883669881)
(135, 42, 0.11395830304309913, 0.00040144694676846394)
(136, 42, 0.11636841758593738, 0.0001806647952383734)
(137, 42, 0.1114098207316063, 0.00035266872041586926)
(138, 42, 0.10449687497085763, 0.0007201834376917713)
(139, 42, 0.11015537185276109, 0.0011389839903430008)
(140, 42, 0.1148817377448465, 0.0009099354076691966)
(141, 43, 0.11837046838733073, 0.001036778619127109)
(142, 43, 0.11319614015682866, 0.0001955644589155834)
(143, 45, 0.11111066604684466, 0.0004460802560238472)
(144, 45, 0.11158294048080868, 0.0003781697919345759)
(145, 45, 0.12889637147478286, 0.0023567747415034978)
(146, 45, 0.12413271452786453, 0.00020102997673139425)
(147, 45, 0.10921616258936043, 0.00246064481141795)
(148, 45, 0.12862159179868038, 5.278168036650051e-05)
(149, 45, 0.10610157953101294, 0.00046895022563616713)
(150, 44, 0.10419465626257747, 6.304489322966593e-05)
(151, 44, 0.10497666704282056, 1.3511221972328161e-05)
(152, 43, 0.11391274054218306, 3.782065333311508e-05)
(153, 44, 0.102350261975477, 2.827018873753549e-05)
(154, 45, 0.12617203390392823, 7.29068412858772e-05)
(155, 45, 0.11107313410078891, 6.795758362440488e-05)
(156, 45, 0.10034423761816356, 0.0002499080143091869)
(157, 45, 0.100067299149937, 0.0001338839078207236)
(158, 45, 0.11020821655071726, 4.275333383366827e-05)
(159, 45, 0.09551878529893283, 2.866427939501625e-05)
(160, 45, 0.1010755732015598, 2.815484513046795e-05)
(161, 45, 0.1072310679773124, 2.059231645838754e-05)
(162, 45, 0.09662673364004613, 2.5838500325734804e-05)
(163, 45, 0.11138706697625024, 2.1802031293864004e-05)
(164, 45, 0.11108379589685946, 2.9437276587791342e-05)
(165, 45, 0.11646476764968706, 3.8394167379367574e-05)
(166, 45, 0.09989332567694728, 3.405631441767718e-05)
(167, 45, 0.11052048328220235, 2.0560694479155254e-05)
(168, 45, 0.09042887882012009, 4.9095699879776966e-05)
(169, 45, 0.10383633358103123, 1.6010751370411325e-05)
(170, 46, 0.09879002176179476, 3.347499935452157e-05)
(171, 45, 0.09524607028036204, 2.1614946192062428e-05)
(172, 46, 0.10009998882370597, 2.041581845095448e-05)
(173, 46, 0.11037192426854812, 0.00021534115119597525)
(174, 46, 0.10549106679393157, 4.507747965530453e-05)
(175, 46, 0.14382546245094074, 0.00036220469740862876)
(176, 46, 0.11088710485269478, 0.00038268344638433296)
(177, 45, 0.12359107662076112, 0.0006247701402508722)
(178, 45, 0.09603775935391742, 0.0007618995497110396)
(179, 46, 0.11363972413968246, 8.691071140602462e-05)
(180, 45, 0.09753345300884508, 3.141706323470423e-05)
(181, 45, 0.10633882198492546, 1.9793687352930773e-05)
(182, 47, 0.09815569913704215, 1.711905298614725e-05)
(183, 46, 0.1077131963493599, 2.8301114197401426e-05)
(184, 45, 0.10465349236532084, 4.433443279528249e-05)
(185, 45, 0.10134136210120355, 0.00011944979768798186)
(186, 45, 0.09906767966487483, 1.3593271953684177e-05)
(187, 46, 0.09985260097318109, 9.221846758535721e-05)
(188, 46, 0.10538306300346871, 0.0006662656645868175)
(189, 45, 0.0965867313835797, 0.00013833229840585373)
(190, 46, 0.11002583807405589, 6.179401409963819e-05)
(191, 45, 0.11432023658551844, 0.00032734174391278183)
(192, 45, 0.10563025203254046, 2.429041638208557e-05)
(193, 45, 0.10940142824327323, 8.230908656029753e-05)
(194, 46, 0.12196225903029334, 0.00024631982514149885)
(195, 46, 0.11520201749631685, 0.0005893312348909905)
(196, 46, 0.1131064071315372, 3.100583820081126e-05)
(197, 45, 0.11255595492856947, 5.332002018475233e-05)
(198, 45, 0.10273018091908331, 1.1998799820236042e-05)
(199, 44, 0.10475139718218711, 1.1388788159186819e-05)
